Chess engine by vierbaum
PAWNEVAL
999, 0 0
999, 1 0
999, 2 0
999, 3 0
999, 4 0
999, 5 0
999, 6 0
999, 7 0
200, 8 0
200, 9 0
200, 10 0
200, 11 0
200, 12 0
200, 13 0
200, 14 0
200, 15 0
100, 16 0
100, 17 0
100, 18 0
100, 19 0
100, 20 0
100, 21 0
100, 22 0
100, 23 0
100, 24 0
100, 25 0
100, 26 0
100, 27 0
100, 28 0
100, 29 0
100, 30 0
100, 31 0
100, 32 0
100, 33 0
100, 34 0
125, 35 0
127, 36 0
100, 37 0
100, 38 0
100, 39 0
95, 40 0
80, 41 0
80, 42 0
75, 43 0
75, 44 0
80, 45 0
80, 46 0
95, 47 0
100, 48 0
100, 49 0
100, 50 0
100, 51 0
100, 52 0
100, 53 0
100, 54 0
100, 55 0
0, 56 0
0, 57 0
0, 58 0
0, 59 0
0, 60 0
0, 61 0
0, 62 0
0, 63 0
PAWNEVAL
999, 0 1
999, 1 1
999, 2 1
999, 3 1
999, 4 1
999, 5 1
999, 6 1
999, 7 1
200, 8 1
200, 9 1
200, 10 1
200, 11 1
200, 12 1
200, 13 1
200, 14 1
200, 15 1
100, 16 1
100, 17 1
100, 18 1
100, 19 1
100, 20 1
100, 21 1
100, 22 1
100, 23 1
100, 24 1
100, 25 1
100, 26 1
100, 27 1
100, 28 1
100, 29 1
100, 30 1
100, 31 1
100, 32 1
100, 33 1
100, 34 1
125, 35 1
125, 36 1
100, 37 1
100, 38 1
100, 39 1
95, 40 1
80, 41 1
80, 42 1
75, 43 1
75, 44 1
80, 45 1
80, 46 1
95, 47 1
100, 48 1
100, 49 1
100, 50 1
100, 51 1
100, 52 1
100, 53 1
100, 54 1
100, 55 1
0, 56 1
0, 57 1
0, 58 1
0, 59 1
0, 60 1
0, 61 1
0, 62 1
0, 63 1
PAWNEVAL
999, 0 2
999, 1 2
999, 2 2
999, 3 2
999, 4 2
999, 5 2
999, 6 2
999, 7 2
200, 8 2
200, 9 2
200, 10 2
200, 11 2
200, 12 2
200, 13 2
200, 14 2
200, 15 2
100, 16 2
100, 17 2
100, 18 2
100, 19 2
100, 20 2
100, 21 2
100, 22 2
100, 23 2
100, 24 2
100, 25 2
100, 26 2
100, 27 2
100, 28 2
100, 29 2
100, 30 2
100, 31 2
100, 32 2
100, 33 2
100, 34 2
125, 35 2
125, 36 2
100, 37 2
100, 38 2
100, 39 2
95, 40 2
80, 41 2
80, 42 2
75, 43 2
75, 44 2
80, 45 2
80, 46 2
95, 47 2
100, 48 2
100, 49 2
100, 50 2
100, 51 2
100, 52 2
100, 53 2
100, 54 2
100, 55 2
0, 56 2
0, 57 2
0, 58 2
0, 59 2
0, 60 2
0, 61 2
0, 62 2
0, 63 2
300, 0 0
300, 1 0
300, 2 0
300, 3 0
300, 4 0
300, 5 0
300, 6 0
300, 7 0
300, 8 0
300, 9 0
300, 10 0
300, 11 0
300, 12 0
300, 13 0
300, 14 0
300, 15 0
300, 16 0
300, 17 0
300, 18 0
300, 19 0
300, 20 0
300, 21 0
300, 22 0
300, 23 0
300, 24 0
300, 25 0
300, 26 0
300, 27 0
300, 28 0
300, 29 0
300, 30 0
300, 31 0
300, 32 0
300, 33 0
300, 34 0
300, 35 0
300, 36 0
300, 37 0
300, 38 0
300, 39 0
300, 40 0
300, 41 0
300, 42 0
300, 43 0
300, 44 0
300, 45 0
300, 46 0
300, 47 0
300, 48 0
300, 49 0
300, 50 0
300, 51 0
300, 52 0
300, 53 0
300, 54 0
300, 55 0
300, 56 0
300, 57 0
300, 58 0
300, 59 0
300, 60 0
300, 61 0
300, 62 0
300, 63 0
300, 0 1
300, 1 1
300, 2 1
300, 3 1
300, 4 1
300, 5 1
300, 6 1
300, 7 1
300, 8 1
300, 9 1
300, 10 1
300, 11 1
300, 12 1
300, 13 1
300, 14 1
300, 15 1
300, 16 1
300, 17 1
300, 18 1
300, 19 1
300, 20 1
300, 21 1
300, 22 1
300, 23 1
300, 24 1
300, 25 1
300, 26 1
300, 27 1
300, 28 1
300, 29 1
300, 30 1
300, 31 1
300, 32 1
300, 33 1
300, 34 1
300, 35 1
300, 36 1
300, 37 1
300, 38 1
300, 39 1
300, 40 1
300, 41 1
300, 42 1
300, 43 1
300, 44 1
300, 45 1
300, 46 1
300, 47 1
300, 48 1
300, 49 1
300, 50 1
300, 51 1
300, 52 1
300, 53 1
300, 54 1
300, 55 1
300, 56 1
300, 57 1
300, 58 1
300, 59 1
300, 60 1
300, 61 1
300, 62 1
300, 63 1
300, 0 2
300, 1 2
300, 2 2
300, 3 2
300, 4 2
300, 5 2
300, 6 2
300, 7 2
300, 8 2
300, 9 2
300, 10 2
300, 11 2
300, 12 2
300, 13 2
300, 14 2
300, 15 2
300, 16 2
300, 17 2
300, 18 2
300, 19 2
300, 20 2
300, 21 2
300, 22 2
300, 23 2
300, 24 2
300, 25 2
300, 26 2
300, 27 2
300, 28 2
300, 29 2
300, 30 2
300, 31 2
300, 32 2
300, 33 2
300, 34 2
300, 35 2
300, 36 2
300, 37 2
300, 38 2
300, 39 2
300, 40 2
300, 41 2
300, 42 2
300, 43 2
300, 44 2
300, 45 2
300, 46 2
300, 47 2
300, 48 2
300, 49 2
300, 50 2
300, 51 2
300, 52 2
300, 53 2
300, 54 2
300, 55 2
300, 56 2
300, 57 2
300, 58 2
300, 59 2
300, 60 2
300, 61 2
300, 62 2
300, 63 2
325, 0 0
325, 1 0
325, 2 0
325, 3 0
325, 4 0
325, 5 0
325, 6 0
325, 7 0
325, 8 0
325, 9 0
325, 10 0
325, 11 0
325, 12 0
325, 13 0
325, 14 0
325, 15 0
325, 16 0
325, 17 0
325, 18 0
325, 19 0
325, 20 0
325, 21 0
325, 22 0
325, 23 0
325, 24 0
325, 25 0
325, 26 0
325, 27 0
325, 28 0
325, 29 0
325, 30 0
325, 31 0
325, 32 0
325, 33 0
325, 34 0
325, 35 0
325, 36 0
325, 37 0
325, 38 0
325, 39 0
325, 40 0
325, 41 0
325, 42 0
325, 43 0
325, 44 0
325, 45 0
325, 46 0
325, 47 0
325, 48 0
325, 49 0
325, 50 0
325, 51 0
325, 52 0
325, 53 0
325, 54 0
325, 55 0
325, 56 0
325, 57 0
325, 58 0
325, 59 0
325, 60 0
325, 61 0
325, 62 0
325, 63 0
325, 0 1
325, 1 1
325, 2 1
325, 3 1
325, 4 1
325, 5 1
325, 6 1
325, 7 1
325, 8 1
325, 9 1
325, 10 1
325, 11 1
325, 12 1
325, 13 1
325, 14 1
325, 15 1
325, 16 1
325, 17 1
325, 18 1
325, 19 1
325, 20 1
325, 21 1
325, 22 1
325, 23 1
325, 24 1
325, 25 1
325, 26 1
325, 27 1
325, 28 1
325, 29 1
325, 30 1
325, 31 1
325, 32 1
325, 33 1
325, 34 1
325, 35 1
325, 36 1
325, 37 1
325, 38 1
325, 39 1
325, 40 1
325, 41 1
325, 42 1
325, 43 1
325, 44 1
325, 45 1
325, 46 1
325, 47 1
325, 48 1
325, 49 1
325, 50 1
325, 51 1
325, 52 1
325, 53 1
325, 54 1
325, 55 1
325, 56 1
325, 57 1
325, 58 1
325, 59 1
325, 60 1
325, 61 1
325, 62 1
325, 63 1
325, 0 2
325, 1 2
325, 2 2
325, 3 2
325, 4 2
325, 5 2
325, 6 2
325, 7 2
325, 8 2
325, 9 2
325, 10 2
325, 11 2
325, 12 2
325, 13 2
325, 14 2
325, 15 2
325, 16 2
325, 17 2
325, 18 2
325, 19 2
325, 20 2
325, 21 2
325, 22 2
325, 23 2
325, 24 2
325, 25 2
325, 26 2
325, 27 2
325, 28 2
325, 29 2
325, 30 2
325, 31 2
325, 32 2
325, 33 2
325, 34 2
325, 35 2
325, 36 2
325, 37 2
325, 38 2
325, 39 2
325, 40 2
325, 41 2
325, 42 2
325, 43 2
325, 44 2
325, 45 2
325, 46 2
325, 47 2
325, 48 2
325, 49 2
325, 50 2
325, 51 2
325, 52 2
325, 53 2
325, 54 2
325, 55 2
325, 56 2
325, 57 2
325, 58 2
325, 59 2
325, 60 2
325, 61 2
325, 62 2
325, 63 2
500, 0 0
500, 1 0
500, 2 0
500, 3 0
500, 4 0
500, 5 0
500, 6 0
500, 7 0
450, 8 0
450, 9 0
450, 10 0
450, 11 0
450, 12 0
450, 13 0
450, 14 0
450, 15 0
450, 16 0
450, 17 0
450, 18 0
450, 19 0
450, 20 0
450, 21 0
450, 22 0
450, 23 0
450, 24 0
450, 25 0
450, 26 0
450, 27 0
450, 28 0
450, 29 0
450, 30 0
450, 31 0
450, 32 0
450, 33 0
450, 34 0
450, 35 0
450, 36 0
450, 37 0
450, 38 0
450, 39 0
450, 40 0
450, 41 0
450, 42 0
450, 43 0
450, 44 0
450, 45 0
450, 46 0
450, 47 0
450, 48 0
450, 49 0
450, 50 0
450, 51 0
450, 52 0
450, 53 0
450, 54 0
450, 55 0
500, 56 0
500, 57 0
500, 58 0
500, 59 0
500, 60 0
500, 61 0
500, 62 0
500, 63 0
500, 0 1
500, 1 1
500, 2 1
500, 3 1
500, 4 1
500, 5 1
500, 6 1
500, 7 1
450, 8 1
450, 9 1
450, 10 1
450, 11 1
450, 12 1
450, 13 1
450, 14 1
450, 15 1
450, 16 1
450, 17 1
450, 18 1
450, 19 1
450, 20 1
450, 21 1
450, 22 1
450, 23 1
450, 24 1
450, 25 1
450, 26 1
450, 27 1
450, 28 1
450, 29 1
450, 30 1
450, 31 1
450, 32 1
450, 33 1
450, 34 1
450, 35 1
450, 36 1
450, 37 1
450, 38 1
450, 39 1
450, 40 1
450, 41 1
450, 42 1
450, 43 1
450, 44 1
450, 45 1
450, 46 1
450, 47 1
450, 48 1
450, 49 1
450, 50 1
450, 51 1
450, 52 1
450, 53 1
450, 54 1
450, 55 1
500, 56 1
500, 57 1
500, 58 1
500, 59 1
500, 60 1
500, 61 1
500, 62 1
500, 63 1
500, 0 2
500, 1 2
500, 2 2
500, 3 2
500, 4 2
500, 5 2
500, 6 2
500, 7 2
450, 8 2
450, 9 2
450, 10 2
450, 11 2
450, 12 2
450, 13 2
450, 14 2
450, 15 2
450, 16 2
450, 17 2
450, 18 2
450, 19 2
450, 20 2
450, 21 2
450, 22 2
450, 23 2
450, 24 2
450, 25 2
450, 26 2
450, 27 2
450, 28 2
450, 29 2
450, 30 2
450, 31 2
450, 32 2
450, 33 2
450, 34 2
450, 35 2
450, 36 2
450, 37 2
450, 38 2
450, 39 2
450, 40 2
450, 41 2
450, 42 2
450, 43 2
450, 44 2
450, 45 2
450, 46 2
450, 47 2
450, 48 2
450, 49 2
450, 50 2
450, 51 2
450, 52 2
450, 53 2
450, 54 2
450, 55 2
500, 56 2
500, 57 2
500, 58 2
500, 59 2
500, 60 2
500, 61 2
500, 62 2
500, 63 2
950, 0 0
950, 1 0
950, 2 0
950, 3 0
950, 4 0
950, 5 0
950, 6 0
950, 7 0
950, 8 0
950, 9 0
950, 10 0
950, 11 0
950, 12 0
950, 13 0
950, 14 0
950, 15 0
950, 16 0
950, 17 0
950, 18 0
950, 19 0
950, 20 0
950, 21 0
950, 22 0
950, 23 0
950, 24 0
950, 25 0
950, 26 0
950, 27 0
950, 28 0
950, 29 0
950, 30 0
950, 31 0
950, 32 0
950, 33 0
950, 34 0
950, 35 0
950, 36 0
950, 37 0
950, 38 0
950, 39 0
950, 40 0
950, 41 0
950, 42 0
950, 43 0
950, 44 0
950, 45 0
950, 46 0
950, 47 0
950, 48 0
950, 49 0
950, 50 0
950, 51 0
950, 52 0
950, 53 0
950, 54 0
950, 55 0
950, 56 0
950, 57 0
950, 58 0
1000, 59 0
950, 60 0
950, 61 0
950, 62 0
950, 63 0
1000, 0 1
1000, 1 1
1000, 2 1
1000, 3 1
1000, 4 1
1000, 5 1
1000, 6 1
1000, 7 1
1000, 8 1
1000, 9 1
1000, 10 1
1000, 11 1
1000, 12 1
1000, 13 1
1000, 14 1
1000, 15 1
1000, 16 1
1000, 17 1
1000, 18 1
1000, 19 1
1000, 20 1
1000, 21 1
1000, 22 1
1000, 23 1
1000, 24 1
1000, 25 1
1000, 26 1
1000, 27 1
1000, 28 1
1000, 29 1
1000, 30 1
1000, 31 1
1000, 32 1
1000, 33 1
1000, 34 1
1000, 35 1
1000, 36 1
1000, 37 1
1000, 38 1
1000, 39 1
1000, 40 1
1000, 41 1
1000, 42 1
1000, 43 1
1000, 44 1
1000, 45 1
1000, 46 1
1000, 47 1
1000, 48 1
1000, 49 1
1000, 50 1
1000, 51 1
1000, 52 1
1000, 53 1
1000, 54 1
1000, 55 1
1000, 56 1
1000, 57 1
1000, 58 1
1000, 59 1
1000, 60 1
1000, 61 1
1000, 62 1
1000, 63 1
1000, 0 2
1000, 1 2
1000, 2 2
1000, 3 2
1000, 4 2
1000, 5 2
1000, 6 2
1000, 7 2
1000, 8 2
1000, 9 2
1000, 10 2
1000, 11 2
1000, 12 2
1000, 13 2
1000, 14 2
1000, 15 2
1000, 16 2
1000, 17 2
1000, 18 2
1000, 19 2
1000, 20 2
1000, 21 2
1000, 22 2
1000, 23 2
1000, 24 2
1000, 25 2
1000, 26 2
1000, 27 2
1000, 28 2
1000, 29 2
1000, 30 2
1000, 31 2
1000, 32 2
1000, 33 2
1000, 34 2
1000, 35 2
1000, 36 2
1000, 37 2
1000, 38 2
1000, 39 2
1000, 40 2
1000, 41 2
1000, 42 2
1000, 43 2
1000, 44 2
1000, 45 2
1000, 46 2
1000, 47 2
1000, 48 2
1000, 49 2
1000, 50 2
1000, 51 2
1000, 52 2
1000, 53 2
1000, 54 2
1000, 55 2
1000, 56 2
1000, 57 2
1000, 58 2
1000, 59 2
1000, 60 2
1000, 61 2
1000, 62 2
1000, 63 2
5000, 0 0
5000, 1 0
5000, 2 0
5000, 3 0
5000, 4 0
5000, 5 0
5000, 6 0
5000, 7 0
5000, 8 0
5000, 9 0
5000, 10 0
5000, 11 0
5000, 12 0
5000, 13 0
5000, 14 0
5000, 15 0
5000, 16 0
5000, 17 0
5000, 18 0
5000, 19 0
5000, 20 0
5000, 21 0
5000, 22 0
5000, 23 0
5000, 24 0
5000, 25 0
5000, 26 0
5000, 27 0
5000, 28 0
5000, 29 0
5000, 30 0
5000, 31 0
5000, 32 0
5000, 33 0
5000, 34 0
5000, 35 0
5000, 36 0
5000, 37 0
5000, 38 0
5000, 39 0
5000, 40 0
5000, 41 0
5000, 42 0
5000, 43 0
5000, 44 0
5000, 45 0
5000, 46 0
5000, 47 0
5000, 48 0
5000, 49 0
5000, 50 0
5000, 51 0
5000, 52 0
5000, 53 0
5000, 54 0
5000, 55 0
5000, 56 0
5000, 57 0
5000, 58 0
5000, 59 0
5000, 60 0
5000, 61 0
5000, 62 0
5000, 63 0
5000, 0 1
5000, 1 1
5000, 2 1
5000, 3 1
5000, 4 1
5000, 5 1
5000, 6 1
5000, 7 1
5000, 8 1
5000, 9 1
5000, 10 1
5000, 11 1
5000, 12 1
5000, 13 1
5000, 14 1
5000, 15 1
5000, 16 1
5000, 17 1
5000, 18 1
5000, 19 1
5000, 20 1
5000, 21 1
5000, 22 1
5000, 23 1
5000, 24 1
5000, 25 1
5000, 26 1
5000, 27 1
5000, 28 1
5000, 29 1
5000, 30 1
5000, 31 1
5000, 32 1
5000, 33 1
5000, 34 1
5000, 35 1
5000, 36 1
5000, 37 1
5000, 38 1
5000, 39 1
5000, 40 1
5000, 41 1
5000, 42 1
5000, 43 1
5000, 44 1
5000, 45 1
5000, 46 1
5000, 47 1
5000, 48 1
5000, 49 1
5000, 50 1
5000, 51 1
5000, 52 1
5000, 53 1
5000, 54 1
5000, 55 1
5000, 56 1
5000, 57 1
5000, 58 1
5000, 59 1
5000, 60 1
5000, 61 1
5000, 62 1
5000, 63 1
5000, 0 2
5000, 1 2
5000, 2 2
5000, 3 2
5000, 4 2
5000, 5 2
5000, 6 2
5000, 7 2
5000, 8 2
5000, 9 2
5000, 10 2
5000, 11 2
5000, 12 2
5000, 13 2
5000, 14 2
5000, 15 2
5000, 16 2
5000, 17 2
5000, 18 2
5000, 19 2
5000, 20 2
5000, 21 2
5000, 22 2
5000, 23 2
5000, 24 2
5000, 25 2
5000, 26 2
5000, 27 2
5000, 28 2
5000, 29 2
5000, 30 2
5000, 31 2
5000, 32 2
5000, 33 2
5000, 34 2
5000, 35 2
5000, 36 2
5000, 37 2
5000, 38 2
5000, 39 2
5000, 40 2
5000, 41 2
5000, 42 2
5000, 43 2
5000, 44 2
5000, 45 2
5000, 46 2
5000, 47 2
5000, 48 2
5000, 49 2
5000, 50 2
5000, 51 2
5000, 52 2
5000, 53 2
5000, 54 2
5000, 55 2
5000, 56 2
5000, 57 2
5000, 58 2
5000, 59 2
5000, 60 2
5000, 61 2
5000, 62 2
12
999 |999 |999 |999 |999 |999 |999 |999 |
------------------------------------------------------
200 |200 |200 |200 |200 |200 |200 |200 |
------------------------------------------------------
100 |100 |100 |100 |100 |100 |100 |100 |
------------------------------------------------------
100 |100 |100 |100 |100 |100 |100 |100 |
------------------------------------------------------
100 |100 |100 |125 |127 |100 |100 |100 |
------------------------------------------------------
95 |80 |80 |75 |75 |80 |80 |95 |
------------------------------------------------------
100 |100 |100 |100 |100 |100 |100 |100 |
------------------------------------------------------
0 |0 |0 |0 |0 |0 |0 |0 |
------------------------------------------------------
P 127